0
7976
2129
11006
4968
10987
14017
4998
2082
10974
5000
10968
5024
10951
13992
7130
2009
14101
14104
1995
5082
5093
5109
10880
10878
8276
14157
8663
14082
5133
13991
8653
11217
4709
11216
11189
4747
13670
13722
2297
13734
2285
11133
13736
4919
4805
2244
11115
11096
8642
13859
13868
7146
2189
2186
2183
11067
4908
4831
13644
14186
7616
1496
16278
1478
1472
5456
10502
14478
10490
1428
14513
10404
8209
14414
14540
5510
10337
1378
10293
1360
8676
14636
14647
5638
1319
10175
8201
5495
14209
5423
10573
5139
5148
14267
14290
7116
3587
14305
1765
1758
10720
10633
1726
10569
14336
14337
5266
10621
5295
10596
5366
10594
8675
1565
1558
14376
7654
1705
5728
2343
2351
3810
12764
3283
12222
7427
7428
3253
12133
3230
3225
3222
3213
7426
3926
7335
12036
3116
13013
3099
3097
11958
11948
4019
13075
3045
11909
7347
3027
8550
12729
3562
3554
12528
3619
8518
12621
12498
12622
3663
3461
3458
7365
12730
3447
12382
12683
3759
3377
3366
3363
12299
8504
3766
12291
3779
12255
3427
4679
7455
13149
7498
7226
13425
4448
2599
2592
11423
13504
13540
11422
2545
2534
11552
4559
11275
2491
4605
2480
11254
4630
13579
2425
2409
4649
11236
2366
2509
13117
13408
4380
2966
13175
2945
4130
2922
2916
4134
4159
7304
13267
2851
2825
2673
8411
13276
13301
2783
11659
4279
8583
4306
4313
2708
4360
4371
2682
2815
10133
5190
3575
15647
557
7893
574
15612
578
15648
15610
15601
9521
15185
15190
594
6397
15162
7881
9430
541
1016
15089
7823
15099
15101
452
15145
6540
15736
998
6515
15126
6509
15705
462
6395
7039
9847
6132
9681
878
6208
15297
15379
15426
858
776
15326
6182
843
6177
6166
