0
7710
12641
9163
3977
14308
14147
14266
8870
9465
14023
323
5782
1668
8607
10160
14153
11130
8983
11587
7316
13793
15003
2450
7315
8989
11582
8991
2452
4771
8124
4776
4800
2405
9012
9011
2411
9010
15026
13792
9004
4787
4786
7311
15017
2430
11581
2433
13796
4775
13799
8972
8974
14972
2502
12407
8940
7350
7351
2508
8933
2500
2512
2516
2517
14962
13822
7372
13825
12394
12390
14965
12410
11597
8950
4762
4803
2462
7319
8970
8969
2468
11591
13803
4756
2473
2475
2478
12421
12414
2486
14985
11595
2492
2456
2402
13780
9014
11529
2295
12482
4872
11531
2306
2309
9073
7244
12475
4858
9061
13758
2328
15054
2332
2335
2292
9057
4877
11528
4896
9102
15075
2266
12485
2269
13743
15074
7231
15071
4892
9100
13751
7237
2283
2286
4882
12483
15050
4843
7258
13777
2378
2379
7276
2381
9021
2384
7281
9019
11572
7283
4812
14953
12448
7290
15032
4804
11566
2373
7273
2371
11548
9053
13762
12456
11549
11550
13770
4832
2400
2358
15047
11556
4829
15045
11565
2368
15037
13773
13771
2531
2541
7392
4598
7453
2719
14862
8809
8808
4596
11660
8803
7456
14861
14860
7458
4592
13902
14854
14851
13896
8791
2715
2712
7441
13886
13887
8833
14875
12354
2693
8828
8825
8823
14873
14872
8822
8821
4604
8817
2711
7451
14849
7459
2741
4561
4558
4556
8765
12344
2780
11688
2785
8758
11691
13932
2790
11692
8748
2798
2799
2804
4564
4567
8770
4572
13905
2743
4587
14847
13910
7462
4581
11679
14879
14842
7467
4577
2758
13924
4573
14838
2764
8772
13917
11649
2679
8841
7410
8901
8897
11622
13849
14937
4683
2580
11625
8892
13855
7413
13857
12374
11633
2595
2596
7406
4688
2567
13845
2537
7397
7223
4699
8916
13835
13837
7401
8879
2550
7403
8906
2557
14946
4690
14945
8905
14943
2551
7389
8875
4669
7437
14903
2648
14901
14900
4632
14897
8851
14889
8849
14887
4631
4628
4625
2671
14880
8845
12364
2640
2638
8863
4668
8872
14924
4664
4663
4660
13866
2613
8874
7420
8867
2622
7429
2630
4642
2632
13881
12365
8871
12488
2250
7211
9366
13626
1860
1863
7072
9362
1867
9355
7076
9344
12558
1876
9341
1878
15299
5116
12555
12562
13636
13625
1854
15323
5155
5153
5152
9375
9374
1836
1839
9372
5150
9370
15316
15311
11394
1851
1852
13622
15308
1886
1887
13637
13646
1930
11424
5091
1937
1938
13649
11430
3877
1944
15259
15258
9304
7106
5078
13661
1956
11420
9316
12541
1920
12549
15295
1893
7085
5106
11407
5104
1903
1827
12545
13641
15279
1912
1913
15275
15274
11418
15273
13640
5156
1823
15328
1721
9467
1724
15375
11365
5234
12598
9446
5227
9437
7002
7006
15371
5219
5216
15368
1752
15378
9468
15380
1714
6994
1688
5249
15397
1692
1693
13572
11359
5209
15393
6997
13573
9478
9476
5240
15386
13576
9471
9484
11437
1754
15363
1793
12579
15344
15341
9403
15335
1803
9399
15333
7044
12575
13609
5166
13615
7058
15329
12566
7037
7034
15347
7031
13593
15357
12590
1768
1770
5202
9422
13594
15367
1774
13599
5192
9409
1781
7030
5185
15350
1787
9420
15076
11439
1961
11502
15128
12510
7183
2155
2156
2158
11505
11506
9154
11507
2165
15119
15117
7190
4952
4949
2143
4946
2142
15134
4984
15152
2110
4981
2115
2116
9181
9178
7165
2120
11498
9175
4972
2131
15138
2136
15137
2140
2178
2180
2181
11516
9132
4922
2223
2225
2227
12504
9129
4917
7204
9128
2241
9127
2248
7492
9118
9116
15100
13720
11515
4929
7196
7197
9147
7198
7200
15112
15111
4935
11496
4933
9137
4930
9135
2206
2207
2208
2209
2210
9139
7163
9191
4988
11459
2001
15235
15234
15229
15228
15226
15223
9267
5044
15215
9266
2024
13685
11467
2029
9259
7124
9269
1996
13682
7113
11442
9286
5069
11445
7114
15252
5066
5031
1976
11451
5061
15247
1986
13676
15246
11453
12533
7115
5074
2033
15198
13700
5001
11482
11485
9217
12519
9213
9212
2086
4993
11488
2090
4992
9201
2093
2094
2096
